389.24295170663
330.68194837807
57.57124445288
78.795438669061
401.76273644984
249.49063674989
302.3281380545
358.53362891755
147.15912525875
461.2723055581
385.21968474855
347.85239135281
336.51385076182
326.01279733983
44.116505442241
341.9416480893
328.57373022874
9.0534492717373
8.4934517780754
8.5253522724497
4.7219050231957
6.330172371273
4.584306457352
6.1858541873218
9.7073819952586
4.3047906431857
7.7093088243666
1.8590580634116
404.84952177147
267.19248842783
225.24008910416
359.48705270863
415.88333245175
152.61175141326
171.52208167665
75.901584502264
150.43782379964
425.41668933137
462.58100888812
360.49753677123
460.05527393895
348.31738627903
205.21862046105
460.0037934538
347.29030814361
152.8922424898
446.75579222234
408.37245500105
269.73836741864
375.43658696834
491.21796246209
217.79104378903
126.72250164986
455.26431591961
116.04742641377
218.63321038831
40.771019664021
465.26436110272
472.07833289731
16.941836111686
194.62002007972
294.38728736452
266.56890277125
62.961733230837
496.42295832579
371.77402101074
185.67391447056
254.68298665
495.29817979564
16.457665952136
246.40886799731
126.89022260108
36.237299459166
367.68021009289
308.81797303856
181.53420425092
244.53814432236
233.89338223911
409.00192289101
52.094121953516
183.15564686579
414.92430163311
163.86585341015
106.95849666696
170.34704804902
30.897098607801
387.87650474714
263.95062299629
90.693640378627
66.868642888436
84.714174542909
49.066100292404
82.810757999686
32.752321768902
22.240606845469
80.124084036855
5.2318098513558
43.76020484779
18.834842517429
23.288476943638
21.897193054621
45.898829515045
49.043696675936
44.750397440396
61.561818309856
39.287052508112
33.879148510228
59.468208141377
50.911350851372
33.387674173986
70.174820427864
37.95089481303
64.583638387073
12.276438629383
10.886384784657
15.176412749652
74.250708974083
85.403189661635
79.205167749527
76.211349329078
7.4025234241982
66.543771171264
48.586575197329
65.161701927503
6.09008595631
25.392956531324
98.8785093645
9.5737281300005
47.50309383846
24.761326715705
80.003484375776
14.038745180722
89.964999021015
47.723207551857
68.821796061854
58.58060883292
30.16953032006
18.308374992715
98.876211372612
15.685427429008
53.39760349756
17.655948976826
21.800975511689
9.1690821615835
90.677422932665
65.93108315297
45.442341708318
15.435200750565
97.690072980565
48.028089454411
63.063992356446
79.262634031131
62.15285224009
30.147629384951
96.502884242918
32.593953624644
76.990121452599
67.398426061216
27.085691516793
19.425959661336
93.58478765636
43.702986484255
87.026494456002
37.395666557083
26.345482480873
24.160446470678
56.929890698255
73.637299553322
75.427842454718
58.446374236814
8.1332140640045
32.552731983621
1.0339913428919
61.883972101791
84.932806009861
36.90595684429
34.447348925493
49.414355330828
39.774272516265
27.316274227256
18.403785824032
18.441021125038
21.62782914081
19.285635566006
70.534715787757
58.775640818652
71.464078673843
53.253257392558
14.532687288957
15.051256057365
3.2258280335114
24.074601812323
27.081810695623
12.324558716418
15.554918472448
40.078995116092
24.881089397185
1.0872076270577
34.379374996936
31.821346414192
49.231100873664
27.298964735725
26.326042262989
34.535580586891
41.795561063008
16.562317901553
42.033880805612
8.0762560516951
17.027955510201
25.347359164314
21.099086348479
40.678063705879
24.594712268838
32.629483417901
17.581394881746
5.6281028574463
47.566638117454
20.30599774807
22.948773285816
0.01882440411431
18.355063171291
28.302428512044
29.435464148147
39.537268150382
32.162273643614
24.205996759332
14.96533777796
36.918482969943
26.322653087006
24.368013080381
27.084708203135
9.546215557282
24.125924577995
22.578650513933
47.393359452204
41.539674318181
3.3855914619684
30.808853838038
43.684199612441
40.174718871794
37.211682804493
34.145782438175
43.134582318894
27.20333965365
10.29533981825
0.4379821943296
45.616172787555
28.98097149049
8.2331883992223
25.157119252326
29.599535036646
15.205162188599
33.659096729783
10.170550183472
42.93274951304
12.416464491941
30.976097067341
11.777922656284
39.320756466743
13.998016907833
43.508401323812
33.324516975938
12.244216218704
19.863391583722
2.7350991977077
28.509106663293
19.426083364257
41.428644206109
1.0065051033192
1.9936292208702
31.024472686008
3.2803685885297
41.977470410977
39.907098929355
17.794673269519
13.835335529333
2.5568699243278
41.159244180265
14.475029341166
21.361558894329
26.172211638732
9.6592638686575
31.952543338739
29.283548742199
28.199740070011
29.115638173705
25.363500055561
45.964468012547
9.7321931923424
6.6491605279265
6.9956105002182
4.5700087047042
3.0600412995834
5.9756394596657
9.7238335431199
9.4936187609535
5.8025772337814
6.8609391790167
1.8946228185178
6.6988685572049
5.917212733029
8.9055460360393
3.3951285590395
9.4607312602274
9.7559659600984
5.8618042645332
1.0711520822119
2.9676831341198
5.9636827306653
8.9181203250392
1.1604253627176
2.9608263228838
7.0573663651279
7.9828216032976
3.1276095812803
4.1693622824593
8.464348995343
8.672129846491
5.6096980979711
0.56358419850636
5.9343472802706
8.924746140337
0.89099142276262
6.9505443922014
6.6889840255906
7.0911047826945
4.9413506244036
7.7125800250622
9.8606592695511
8.1652569063777
1.154067195558
0.06320313553475
9.3742976148493
4.8576676076547
3.6671740439102
0.80087303686928
8.1751137497719
5.2819855768615
2.2600824396406
0.11879909789134
6.8130171796368
3.4664312626545
7.9373019132471
317.04561403815
214.98204638017
405.24142626917
172.05237558673
320.29457009411
424.92744066982
302.20298762536
205.43759302489
246.77853251192
492.80595988632
65.74255254387
295.53374405742
213.50790151093
297.6054869581
123.59469412993
498.75176558213
456.23170628968
150.6177846578
43.998366242274
253.06353334014
445.6178594593
32.82463878059
421.9107946483
0.76928987203598
0.06564203652816
3.5591638244498
5.1417107717794
8.7734159681822
9.9644207442014
1.639703890141
8.8646671962294
2.3208893939484
6.3160358724725
6.5781094909544
2.5853371911614
8.1018999675763
1.044540163616